Kamenka=1892.109985 6.171125 2244.129883=1000
West Balota=4025.159912 6.494447 2620.459961=1000
Chernogorsk=6387.430176 9.290138 2699.479980=1000
Elektrozavodsk=10322.400391 5.811278 2171.159912=1000
Kamyshovo=12045.700195 5.837505 3642.120117=1000
Solnechny=13269.160156 5.548338 6249.696289=1000
Berezino=12525.299805 9.616544 9717.500000=1000
Svetloyarsk=13775.400391 20.391335 13264.299805=1000
Stary Sobor=6153.28 303.893 7820.39=1000
Severograd=8316.57 113.277 12635.8=1000
Novaya Petrovka=3541.13 195.004 12927.7=1000